Time,Balance Before,Balance After,Profit,Action
2022-08-21 16:18:09,1 242.98,1 241.99,-0.99,"Close short position for symbol BYBIT:MATICUSDT at price 0.8031 for 1600 shares. Position AVG Price was 0.802481, currency: USDT, rate: 1.000050, last updated rate on 2022-08-21T13:57:23Z, point value: 1.000000"
2022-08-21 16:04:35,1 239.97,1 242.98,+3.01,"Close short position for symbol BYBIT:MATICUSDT at price 0.8004 for 800 shares. Position AVG Price was 0.804162, currency: USDT, rate: 1.000050, last updated rate on 2022-08-21T13:57:23Z, point value: 1.000000"
2022-08-21 15:31:29,1 239.79,1 239.97,+0.18,"Close short position for symbol BYBIT:MATICUSDT at price 0.8026 for 100 shares. Position AVG Price was 0.804400, currency: USDT, rate: 0.999930, last updated rate on 2022-08-21T12:52:48Z, point value: 1.000000"
2022-08-21 15:18:02,1 240.54,1 239.79,-0.75,"Close short position for symbol BYBIT:MATICUSDT at price 0.8052 for 750 shares. Position AVG Price was 0.804200, currency: USDT, rate: 0.999930, last updated rate on 2022-08-21T12:52:48Z, point value: 1.000000"
2022-08-21 15:16:44,1 240.18,1 240.54,+0.36,"Close long position for symbol BYBIT:MATICUSDT at price 0.8041 for 1600 shares. Position AVG Price was 0.803875, currency: USDT, rate: 0.999930, last updated rate on 2022-08-21T12:52:48Z, point value: 1.000000"
2022-08-21 14:39:19,1 243.56,1 240.18,-3.37,"Close long position for symbol BYBIT:MATICUSDT at price 0.8043 for 1500 shares. Position AVG Price was 0.806550, currency: USDT, rate: 0.999870, last updated rate on 2022-08-21T11:53:31Z, point value: 1.000000"
2022-08-21 14:30:42,1 246.71,1 243.56,-3.15,"Close long position for symbol BYBIT:MATICUSDT at price 0.8062 for 1500 shares. Position AVG Price was 0.808300, currency: USDT, rate: 0.999870, last updated rate on 2022-08-21T11:53:31Z, point value: 1.000000"
2022-08-21 14:17:33,1 245.55,1 246.71,+1.16,"Close long position for symbol BYBIT:MATICUSDT at price 0.8095 for 750 shares. Position AVG Price was 0.807950, currency: USDT, rate: 0.999870, last updated rate on 2022-08-21T11:53:31Z, point value: 1.000000"
2022-08-21 14:14:16,1 241.53,1 245.55,+4.01,"Close long position for symbol BYBIT:MATICUSDT at price 0.8133 for 750 shares. Position AVG Price was 0.807950, currency: USDT, rate: 0.999870, last updated rate on 2022-08-21T11:53:31Z, point value: 1.000000"
2022-08-21 14:02:31,1 244.53,1 241.53,-3.00,"Close long position for symbol BYBIT:MATICUSDT at price 0.8062 for 1500 shares. Position AVG Price was 0.808200, currency: USDT, rate: 0.999870, last updated rate on 2022-08-21T11:53:31Z, point value: 1.000000"
2022-08-21 12:03:26,1 244.42,1 244.53,+0.11,"Close long position for symbol BYBIT:MATICUSDT at price 0.8020 for 750 shares. Position AVG Price was 0.801850, currency: USDT, rate: 0.999850, last updated rate on 2022-08-21T09:52:59Z, point value: 1.000000"
2022-08-21 11:46:45,1 240.33,1 244.42,+4.09,"Close long position for symbol BYBIT:MATICUSDT at price 0.8073 for 750 shares. Position AVG Price was 0.801850, currency: USDT, rate: 1.000070, last updated rate on 2022-08-21T08:55:29Z, point value: 1.000000"
2022-08-21 11:24:24,1 240.18,1 240.33,+0.15,"Close long position for symbol BYBIT:MATICUSDT at price 0.8013 for 1500 shares. Position AVG Price was 0.801200, currency: USDT, rate: 1.000070, last updated rate on 2022-08-21T08:55:29Z, point value: 1.000000"
2022-08-21 11:13:17,1 236.88,1 240.18,+3.30,"Close long position for symbol BYBIT:MATICUSDT at price 0.8036 for 750 shares. Position AVG Price was 0.799200, currency: USDT, rate: 1.000070, last updated rate on 2022-08-21T08:55:29Z, point value: 1.000000"
2022-08-20 17:15:15,1 236.92,1 236.88,-0.04,"Close short position for symbol BYBIT:MATICUSDT at price 0.7958 for 1500 shares. Position AVG Price was 0.795775, currency: USDT, rate: 0.999970, last updated rate on 2022-08-20T14:51:47Z, point value: 1.000000"
2022-08-20 17:03:33,1 233.28,1 236.92,+3.64,"Close short position for symbol BYBIT:MATICUSDT at price 0.7939 for 750 shares. Position AVG Price was 0.798750, currency: USDT, rate: 0.999970, last updated rate on 2022-08-20T14:51:47Z, point value: 1.000000"
2022-08-20 16:38:46,1 227.28,1 233.28,+6.00,"Close short position for symbol BYBIT:MATICUSDT at price 0.7934 for 750 shares. Position AVG Price was 0.801400, currency: USDT, rate: 1.000200, last updated rate on 2022-08-20T13:54:06Z, point value: 1.000000"
2022-08-20 16:34:03,1 228.03,1 227.28,-0.75,"Close long position for symbol BYBIT:MATICUSDT at price 0.8014 for 1500 shares. Position AVG Price was 0.801900, currency: USDT, rate: 1.000200, last updated rate on 2022-08-20T13:54:06Z, point value: 1.000000"
2022-08-20 16:31:11,1 230.83,1 228.03,-2.79,"Close long position for symbol BYBIT:MATICUSDT at price 0.8018 for 2090 shares. Position AVG Price was 0.803137, currency: USDT, rate: 1.000200, last updated rate on 2022-08-20T13:54:06Z, point value: 1.000000"
2022-08-20 16:29:42,1 230.67,1 230.83,+0.16,"Close short position for symbol BYBIT:MATICUSDT at price 0.8034 for 1590 shares. Position AVG Price was 0.803500, currency: USDT, rate: 1.000200, last updated rate on 2022-08-20T13:54:06Z, point value: 1.000000"
2022-08-20 16:20:07,1 231.94,1 230.67,-1.27,"Close long position for symbol BYBIT:MATICUSDT at price 0.8035 for 1590 shares. Position AVG Price was 0.804300, currency: USDT, rate: 1.000200, last updated rate on 2022-08-20T13:54:06Z, point value: 1.000000"
2022-08-20 16:16:12,1 231.87,1 231.94,+0.07,"Close short position for symbol BYBIT:MATICUSDT at price 0.8043 for 1590 shares. Position AVG Price was 0.804343, currency: USDT, rate: 1.000200, last updated rate on 2022-08-20T13:54:06Z, point value: 1.000000"
2022-08-20 16:06:03,1 232.41,1 231.87,-0.54,"Close short position for symbol BYBIT:MATICUSDT at price 0.8056 for 670 shares. Position AVG Price was 0.804800, currency: USDT, rate: 1.000200, last updated rate on 2022-08-20T13:54:06Z, point value: 1.000000"
2022-08-20 16:04:46,1 231.87,1 232.41,+0.54,"Close long position for symbol BYBIT:MATICUSDT at price 0.8055 for 1340 shares. Position AVG Price was 0.805099, currency: USDT, rate: 1.000200, last updated rate on 2022-08-20T13:54:06Z, point value: 1.000000"
2022-08-20 15:55:17,1 233.34,1 231.87,-1.47,"Close short position for symbol BYBIT:MATICUSDT at price 0.8050 for 1280 shares. Position AVG Price was 0.803850, currency: USDT, rate: 0.999990, last updated rate on 2022-08-20T12:55:15Z, point value: 1.000000"
2022-08-20 15:18:05,1 235.97,1 233.34,-2.62,"Close short position for symbol BYBIT:MATICUSDT at price 0.8042 for 1280 shares. Position AVG Price was 0.802150, currency: USDT, rate: 0.999990, last updated rate on 2022-08-20T12:55:15Z, point value: 1.000000"
2022-08-20 15:08:15,1 235.84,1 235.97,+0.13,"Close long position for symbol BYBIT:MATICUSDT at price 0.8034 for 640 shares. Position AVG Price was 0.803200, currency: USDT, rate: 0.999990, last updated rate on 2022-08-20T12:55:15Z, point value: 1.000000"
2022-08-20 15:01:32,1 237.76,1 235.84,-1.92,"Close short position for symbol BYBIT:MATICUSDT at price 0.8039 for 1280 shares. Position AVG Price was 0.802400, currency: USDT, rate: 0.999990, last updated rate on 2022-08-20T12:55:15Z, point value: 1.000000"
2022-08-20 14:59:17,1 239.04,1 237.76,-1.28,"Close long position for symbol BYBIT:MATICUSDT at price 0.8024 for 1280 shares. Position AVG Price was 0.803400, currency: USDT, rate: 0.999990, last updated rate on 2022-08-20T12:55:15Z, point value: 1.000000"
2022-08-20 14:57:35,1 239.10,1 239.04,-0.06,"Close short position for symbol BYBIT:MATICUSDT at price 0.8034 for 1280 shares. Position AVG Price was 0.803350, currency: USDT, rate: 0.999990, last updated rate on 2022-08-20T11:57:47Z, point value: 1.000000"
2022-08-20 14:47:31,1 242.37,1 239.10,-3.26,"Close long position for symbol BYBIT:MATICUSDT at price 0.8044 for 1280 shares. Position AVG Price was 0.806950, currency: USDT, rate: 0.999990, last updated rate on 2022-08-20T11:57:47Z, point value: 1.000000"
2022-08-20 11:11:45,1 242.37,1 242.37,0.00,"Close short position for symbol BYBIT:MATICUSDT at price 0.8040 for 640 shares. Position AVG Price was 0.804000, currency: USDT, rate: 1.000150, last updated rate on 2022-08-20T08:58:08Z, point value: 1.000000"
2022-08-20 11:08:10,1 242.33,1 242.37,+0.03,"Close short position for symbol BYBIT:MATICUSDT at price 0.8056 for 1280 shares. Position AVG Price was 0.805625, currency: USDT, rate: 1.000150, last updated rate on 2022-08-20T08:58:08Z, point value: 1.000000"
2022-08-20 10:37:17,1 240.64,1 242.33,+1.70,"Close short position for symbol BYBIT:MATICUSDT at price 0.8056 for 640 shares. Position AVG Price was 0.808250, currency: USDT, rate: 0.999960, last updated rate on 2022-08-20T07:57:35Z, point value: 1.000000"
2022-08-19 08:40:59,1 240.01,1 240.64,+0.63,"Close short position for symbol BYBIT:MATICUSDT at price 0.7994 for 640 shares. Position AVG Price was 0.800380, currency: USDT, rate: 1.000000, last updated rate on 2022-08-19T05:55:23Z, point value: 1.000000"
2022-08-19 08:40:50,1 240.13,1 240.01,-0.12,"Close short position for symbol BYBIT:MATICUSDT at price 0.8005 for 960 shares. Position AVG Price was 0.800380, currency: USDT, rate: 1.000000, last updated rate on 2022-08-19T05:55:23Z, point value: 1.000000"
2022-08-19 08:40:26,1 235.42,1 240.13,+4.71,"Close long position for symbol BYBIT:MATICUSDT at price 0.7999 for 640 shares. Position AVG Price was 0.792540, currency: USDT, rate: 1.000000, last updated rate on 2022-08-19T05:55:23Z, point value: 1.000000"
2022-08-19 08:40:13,1 225.95,1 235.42,+9.47,"Close long position for symbol BYBIT:MATICUSDT at price 0.8024 for 960 shares. Position AVG Price was 0.792540, currency: USDT, rate: 1.000000, last updated rate on 2022-08-19T05:55:23Z, point value: 1.000000"
2022-08-19 08:39:16,1 214.94,1 225.95,+11.01,"Close short position for symbol BYBIT:MATICUSDT at price 0.7982 for 640 shares. Position AVG Price was 0.815400, currency: USDT, rate: 1.000000, last updated rate on 2022-08-19T05:55:23Z, point value: 1.000000"
2022-08-19 08:37:28,1 211.04,1 214.94,+3.90,"Close short position for symbol BYBIT:MATICUSDT at price 0.8093 for 640 shares. Position AVG Price was 0.815400, currency: USDT, rate: 1.000000, last updated rate on 2022-08-19T05:55:23Z, point value: 1.000000"
2022-08-18 17:05:49,1 207.56,1 211.04,+3.48,"Close short position for symbol BYBIT:AVAXUSDT at price 25.475 for 24 shares. Position AVG Price was 25.620000, currency: USDT, rate: 0.999820, last updated rate on 2022-08-18T14:55:24Z, point value: 1.000000"
2022-08-18 17:05:29,1 204.80,1 207.56,+2.76,"Close short position for symbol BYBIT:AVAXUSDT at price 25.505 for 24 shares. Position AVG Price was 25.620000, currency: USDT, rate: 0.999820, last updated rate on 2022-08-18T14:55:24Z, point value: 1.000000"
2022-08-18 17:02:45,1 201.80,1 204.80,+3.00,"Close short position for symbol BYBIT:AVAXUSDT at price 25.585 for 24 shares. Position AVG Price was 25.710000, currency: USDT, rate: 0.999820, last updated rate on 2022-08-18T14:55:24Z, point value: 1.000000"
2022-08-18 16:55:21,1 198.20,1 201.80,+3.60,"Close short position for symbol BYBIT:AVAXUSDT at price 25.665 for 24 shares. Position AVG Price was 25.815000, currency: USDT, rate: 1.000000, last updated rate on 2022-08-18T13:58:15Z, point value: 1.000000"
2022-08-18 16:51:34,1 195.20,1 198.20,+3.00,"Close short position for symbol BYBIT:AVAXUSDT at price 25.780 for 24 shares. Position AVG Price was 25.905000, currency: USDT, rate: 1.000000, last updated rate on 2022-08-18T13:58:15Z, point value: 1.000000"
2022-08-18 15:31:17,1 200.00,1 195.20,-4.80,"Close long position for symbol BYBIT:AVAXUSDT at price 25.960 for 48 shares. Position AVG Price was 26.060000, currency: USDT, rate: 1.000000, last updated rate on 2022-08-18T12:58:08Z, point value: 1.000000"